socre:1143.8243166, params:{'reg_alpha': 16.769964407548855, 'colsample_bytree': 0.5349474195365941, 'scale_pos_weight': 3.8594086177000153, 'learning_rate': 0.03312809141914759, 'nthread': 10, 'min_child_weight': 3, 'subsample': 0.9471583516376643, 'seed': 0, 'max_depth': 6, 'gamma': 0.37515714143957835}
socre:1158.9513672, params:{'reg_alpha': 51.17342991232758, 'colsample_bytree': 0.8746115066199959, 'scale_pos_weight': 2.687076986237154, 'learning_rate': 0.014590391007893385, 'nthread': 10, 'min_child_weight': 4, 'subsample': 0.8228501992826736, 'seed': 0, 'max_depth': 10, 'gamma': 0.07453877132173166}
