socre:1156.8227052, params:{'reg_alpha': 0.26995003848906524, 'colsample_bytree': 0.2266549861816051, 'scale_pos_weight': 1, 'learning_rate': 0.05344032085694122, 'nthread': 10, 'min_child_weight': 4, 'subsample': 0.48379887781040276, 'seed': 20, 'max_depth': 16, 'gamma': 0.402588613598941}socre:1149.3825198, params:{'reg_alpha': 0.9999978085959014, 'colsample_bytree': 0.2502484001654734, 'scale_pos_weight': 1, 'learning_rate': 0.03509717328153762, 'nthread': 10, 'min_child_weight': 4, 'subsample': 0.6409135720554807, 'seed': 20, 'max_depth': 16, 'gamma': 0.1306661498079924}socre:1157.5361086, params:{'reg_alpha': 0.991470826095777, 'colsample_bytree': 0.1235200182991481, 'scale_pos_weight': 1, 'learning_rate': 0.04127155920388758, 'nthread': 10, 'min_child_weight': 6, 'subsample': 0.24989254385528198, 'seed': 20, 'max_depth': 7, 'gamma': 0.47772585814974006}
socre:1150.8644044, params:{'reg_alpha': 0.9999174896084708, 'colsample_bytree': 0.15010562804817196, 'scale_pos_weight': 1, 'learning_rate': 0.061547110425257914, 'nthread': 10, 'min_child_weight': 6, 'subsample': 0.3332350811823883, 'seed': 20, 'max_depth': 7, 'gamma': 0.49966763825465166}
socre:1149.5427002, params:{'reg_alpha': 0.9995946603732955, 'colsample_bytree': 0.23853896279536452, 'scale_pos_weight': 1, 'learning_rate': 0.023574321228211535, 'nthread': 10, 'min_child_weight': 4, 'subsample': 0.29676778717835056, 'seed': 20, 'max_depth': 19, 'gamma': 0.4822832581033491}
